BEGIN;

INSERT INTO odcinki (stacja_poczatkowa, stacja_koncowa, dlugosc) VALUES
    (2746, 2743, 3.72199999999999998),
    (2743, 2746, 3.72199999999999998),
    (2743, 941, 4.83399999999999963),
    (941, 2743, 4.83399999999999963),
    (941, 711, 17.9100000000000001),
    (711, 941, 17.9100000000000001),
    (711, 1465, 31.9490000000000016),
    (1465, 711, 31.9490000000000016),
    (1465, 2263, 4.43200000000000038),
    (2263, 1465, 4.43200000000000038),
    (2263, 2264, 1.7609999999999999),
    (2264, 2263, 1.7609999999999999),
    (2264, 1072, 37.5039999999999978),
    (1072, 2264, 37.5039999999999978),
    (1850, 2914, 78.5130000000000052),
    (2914, 1850, 78.5130000000000052),
    (2914, 432, 6.99000000000000021),
    (432, 2914, 6.99000000000000021),
    (432, 432, 2.27499999999999991),
    (432, 1906, 14.9299999999999997),
    (1906, 432, 14.9299999999999997),
    (1906, 3016, 27.277000000000001),
    (3016, 1906, 27.277000000000001),
    (3016, 3120, 6.4269999999999996),
    (3120, 3016, 6.4269999999999996),
    (3120, 540, 12.2420000000000009),
    (540, 3120, 12.2420000000000009),
    (540, 541, 7.22900000000000009),
    (541, 540, 7.22900000000000009),
    (541, 2316, 9.41900000000000048),
    (2316, 541, 9.41900000000000048),
    (2316, 1013, 6.10899999999999999),
    (1013, 2316, 6.10899999999999999),
    (2746, 2742, 6.87399999999999967),
    (2742, 2746, 6.87399999999999967),
    (2742, 2725, 1.73399999999999999),
    (2725, 2742, 1.73399999999999999),
    (2725, 2702, 1.72300000000000009),
    (2702, 2725, 1.72300000000000009),
    (2702, 2730, 4.04199999999999982),
    (2730, 2702, 4.04199999999999982),
    (2730, 2395, 27.2620000000000005),
    (2395, 2730, 27.2620000000000005),
    (2395, 1516, 1.58000000000000007),
    (1516, 2395, 1.58000000000000007),
    (1516, 2224, 52.0989999999999966),
    (2224, 1516, 52.0989999999999966),
    (2224, 3149, 27.7540000000000013),
    (3149, 2224, 27.7540000000000013),
    (3149, 72, 52.4149999999999991),
    (72, 3149, 52.4149999999999991),
    (72, 1440, 28.7119999999999997),
    (1440, 72, 28.7119999999999997),
    (1440, 2594, 7.70500000000000007),
    (2594, 1440, 7.70500000000000007),
    (2743, 2710, 3.91500000000000004),
    (2710, 2743, 3.91500000000000004),
    (2710, 55, 61.607999999999997),
    (55, 2710, 61.607999999999997),
    (55, 3138, 8.32199999999999918),
    (3138, 55, 8.32199999999999918),
    (3138, 1249, 45.2539999999999978),
    (1249, 3138, 45.2539999999999978),
    (1249, 2994, 37.929000000000002),
    (2994, 1249, 37.929000000000002),
    (2994, 49, 2.27499999999999991),
    (49, 2994, 2.27499999999999991),
    (49, 1083, 38.3890000000000029),
    (1083, 49, 38.3890000000000029),
    (1083, 2304, 48.796999999999997),
    (2304, 1083, 48.796999999999997),
    (2304, 1884, 9.43599999999999994),
    (1884, 2304, 9.43599999999999994),
    (1884, 2464, 28.8889999999999993),
    (2464, 1884, 28.8889999999999993),
    (2464, 1917, 2.49400000000000022),
    (1917, 2464, 2.49400000000000022),
    (1917, 1930, 4.88499999999999979),
    (1930, 1917, 4.88499999999999979),
    (1922, 1923, 4.54100000000000037),
    (1923, 1922, 4.54100000000000037),
    (1923, 293, 73.5570000000000022),
    (293, 1923, 73.5570000000000022),
    (293, 3019, 2.87400000000000011),
    (3019, 293, 2.87400000000000011),
    (3019, 552, 2.11399999999999988),
    (552, 3019, 2.11399999999999988),
    (552, 2179, 73.0390000000000015),
    (2179, 552, 73.0390000000000015),
    (2179, 1240, 17.3170000000000002),
    (1240, 2179, 17.3170000000000002),
    (711, 816, 79.5169999999999959),
    (816, 711, 79.5169999999999959),
    (816, 1048, 79.980000000000004),
    (1048, 816, 79.980000000000004),
    (1048, 1978, 9.89100000000000001),
    (1978, 1048, 9.89100000000000001),
    (1978, 3016, 54.4359999999999999),
    (3016, 1978, 54.4359999999999999),
    (3047, 2666, 23.5120000000000005),
    (2666, 3047, 23.5120000000000005),
    (2666, 1942, 45.6730000000000018),
    (1942, 2666, 45.6730000000000018),
    (1942, 1443, 4.38400000000000034),
    (1443, 1942, 4.38400000000000034),
    (1443, 3109, 66.0660000000000025),
    (3109, 1443, 66.0660000000000025),
    (3109, 89, 23.2699999999999996),
    (89, 3109, 23.2699999999999996),
    (89, 2308, 41.2220000000000013),
    (2308, 89, 41.2220000000000013),
    (2308, 1251, 16.1080000000000005),
    (1251, 2308, 16.1080000000000005),
    (2742, 2709, 6.71400000000000041),
    (2709, 2742, 6.71400000000000041),
    (2709, 1765, 16.7929999999999993),
    (1765, 2709, 16.7929999999999993),
    (1765, 1841, 26.4510000000000005),
    (1841, 1765, 26.4510000000000005),
    (1841, 558, 49.2650000000000006),
    (558, 1841, 49.2650000000000006),
    (558, 3002, 5.18400000000000016),
    (3002, 558, 5.18400000000000016),
    (3002, 1388, 66.5040000000000049),
    (1388, 3002, 66.5040000000000049),
    (1388, 3086, 10.2710000000000008),
    (3086, 1388, 10.2710000000000008),
    (3086, 882, 16.5399999999999991),
    (882, 3086, 16.5399999999999991),
    (882, 2079, 27.5019999999999989),
    (2079, 882, 27.5019999999999989),
    (2079, 289, 19.1329999999999991),
    (289, 2079, 19.1329999999999991),
    (289, 474, 21.0889999999999986),
    (474, 289, 21.0889999999999986),
    (2746, 2700, 3.5259999999999998),
    (2700, 2746, 3.5259999999999998),
    (2700, 2723, 5.93100000000000005),
    (2723, 2700, 5.93100000000000005),
    (2723, 1819, 11.6890000000000001),
    (1819, 2723, 11.6890000000000001),
    (1819, 2044, 79.1569999999999965),
    (2044, 1819, 79.1569999999999965),
    (2044, 2252, 40.4979999999999976),
    (2252, 2044, 40.4979999999999976),
    (2252, 1822, 42.0579999999999998),
    (1822, 2252, 42.0579999999999998),
    (1822, 1026, 2.17200000000000015),
    (1026, 1822, 2.17200000000000015),
    (1026, 2246, 9.65799999999999947),
    (2246, 1026, 9.65799999999999947),
    (2246, 2035, 4.82399999999999984),
    (2035, 2246, 4.82399999999999984),
    (2035, 1129, 59.9949999999999974),
    (1129, 2035, 59.9949999999999974),
    (1129, 2639, 5.62899999999999956),
    (2639, 1129, 5.62899999999999956),
    (2639, 2025, 43.054000000000002),
    (2025, 2639, 43.054000000000002),
    (2025, 1167, 6.59400000000000031),
    (1167, 2025, 6.59400000000000031),
    (2742, 1463, 2.68699999999999983),
    (1463, 2742, 2.68699999999999983),
    (1463, 2571, 1.31099999999999994),
    (2571, 1463, 1.31099999999999994),
    (2571, 2726, 1.69500000000000006),
    (2726, 2571, 1.69500000000000006),
    (2726, 1310, 15.0899999999999999),
    (1310, 2726, 15.0899999999999999),
    (1310, 1596, 34.963000000000001),
    (1596, 1310, 34.963000000000001),
    (1596, 508, 88.0729999999999933),
    (508, 1596, 88.0729999999999933),
    (508, 826, 60.75),
    (826, 508, 60.75),
    (826, 1936, 33.320999999999998),
    (1936, 826, 33.320999999999998),
    (1936, 1423, 35.5910000000000011),
    (1423, 1936, 35.5910000000000011),
    (1423, 2534, 8.85999999999999943),
    (2534, 1423, 8.85999999999999943),
    (2534, 2590, 9.50099999999999945),
    (2590, 2534, 9.50099999999999945),
    (2590, 1981, 10.3970000000000002),
    (1981, 2590, 10.3970000000000002),
    (1981, 1945, 10.4770000000000003),
    (1945, 1981, 10.4770000000000003),
    (1945, 604, 8.72499999999999964),
    (604, 1945, 8.72499999999999964),
    (604, 596, 1.95199999999999996),
    (596, 604, 1.95199999999999996),
    (1310, 1308, 2.29700000000000015),
    (1308, 1310, 2.29700000000000015),
    (1308, 2057, 16.9379999999999988),
    (2057, 1308, 16.9379999999999988),
    (2057, 2666, 17.5289999999999999),
    (2666, 2057, 17.5289999999999999),
    (2263, 2265, 1.6160000000000001),
    (2265, 2263, 1.6160000000000001),
    (2265, 1862, 16.6020000000000003),
    (1862, 2265, 16.6020000000000003),
    (2263, 1431, 25.0549999999999997),
    (1431, 2263, 25.0549999999999997),
    (1431, 376, 39.6899999999999977),
    (376, 1431, 39.6899999999999977),
    (376, 375, 2.78200000000000003),
    (375, 376, 2.78200000000000003),
    (375, 894, 29.2779999999999987),
    (894, 375, 29.2779999999999987),
    (894, 1841, 2.88499999999999979),
    (1841, 894, 2.88499999999999979),
    (1841, 3149, 61.875),
    (3149, 1841, 61.875),
    (1198, 1198, 3.30299999999999994),
    (1198, 1272, 29.5279999999999987),
    (1272, 1198, 29.5279999999999987),
    (1272, 1841, 23.7729999999999997),
    (1841, 1272, 23.7729999999999997),
    (3166, 2081, 1.84800000000000009),
    (2081, 3166, 1.84800000000000009),
    (2081, 580, 37.4919999999999973),
    (580, 2081, 37.4919999999999973),
    (580, 3027, 2.51799999999999979),
    (3027, 580, 2.51799999999999979),
    (3027, 2369, 89.9150000000000063),
    (2369, 3027, 89.9150000000000063),
    (2369, 1755, 3.84600000000000009),
    (1755, 2369, 3.84600000000000009),
    (1755, 1755, 2.46099999999999985),
    (1755, 500, 23.8610000000000007),
    (500, 1755, 23.8610000000000007),
    (500, 1758, 5.2889999999999997),
    (1758, 500, 5.2889999999999997),
    (1758, 1269, 56.2620000000000005),
    (1269, 1758, 56.2620000000000005),
    (1269, 1324, 11.8740000000000006),
    (1324, 1269, 11.8740000000000006),
    (1324, 756, 46.7819999999999965),
    (756, 1324, 46.7819999999999965),
    (756, 3177, 57.8819999999999979),
    (3177, 756, 57.8819999999999979),
    (3177, 3182, 12.8379999999999992),
    (3182, 3177, 12.8379999999999992),
    (3182, 2641, 21.4800000000000004),
    (2641, 3182, 21.4800000000000004),
    (55, 3139, 9.53299999999999947),
    (3139, 55, 9.53299999999999947),
    (3139, 3037, 47.9080000000000013),
    (3037, 3139, 47.9080000000000013),
    (3037, 3166, 12.0839999999999996),
    (3166, 3037, 12.0839999999999996),
    (3170, 3037, 12.2599999999999998),
    (3037, 3170, 12.2599999999999998),
    (3037, 1249, 58.767000000000003),
    (1249, 3037, 58.767000000000003),
    (3165, 3170, 5.33699999999999974),
    (3170, 3165, 5.33699999999999974),
    (3170, 592, 13.9299999999999997),
    (592, 3170, 13.9299999999999997),
    (1249, 2931, 54.4939999999999998),
    (2931, 1249, 54.4939999999999998),
    (2931, 2931, 5.14900000000000002),
    (2931, 2604, 49.1019999999999968),
    (2604, 2931, 49.1019999999999968),
    (2604, 243, 43.2419999999999973),
    (243, 2604, 43.2419999999999973),
    (243, 240, 7.75800000000000001),
    (240, 243, 7.75800000000000001),
    (240, 425, 2.52000000000000002),
    (425, 240, 2.52000000000000002),
    (425, 1856, 85.1530000000000058),
    (1856, 425, 85.1530000000000058),
    (2714, 941, 5.16099999999999959),
    (941, 2714, 5.16099999999999959),
    (2705, 2746, 0.763000000000000012),
    (2746, 2705, 0.763000000000000012),
    (2746, 2708, 4.17999999999999972),
    (2708, 2746, 4.17999999999999972),
    (2708, 2726, 2.06499999999999995),
    (2726, 2708, 2.06499999999999995),
    (2726, 2726, 1.50299999999999989),
    (2599, 2051, 24.7979999999999983),
    (2051, 2599, 24.7979999999999983),
    (2051, 2051, 2.71200000000000019),
    (2051, 2865, 46.9500000000000028),
    (2865, 2051, 46.9500000000000028),
    (2865, 2044, 12.8650000000000002),
    (2044, 2865, 12.8650000000000002),
    (1850, 3000, 32.171999999999997),
    (3000, 1850, 32.171999999999997),
    (3166, 3163, 7.2370000000000001),
    (3163, 3166, 7.2370000000000001),
    (3163, 3167, 7.97900000000000009),
    (3167, 3163, 7.97900000000000009),
    (3167, 592, 9.3019999999999996),
    (592, 3167, 9.3019999999999996),
    (592, 3178, 4.24600000000000044),
    (3178, 592, 4.24600000000000044),
    (3178, 1479, 5.51400000000000023),
    (1479, 3178, 5.51400000000000023),
    (1479, 2599, 22.713000000000001),
    (2599, 1479, 22.713000000000001),
    (2599, 2252, 86.8329999999999984),
    (2252, 2599, 86.8329999999999984),
    (2252, 1775, 63.5910000000000011),
    (1775, 2252, 63.5910000000000011),
    (1775, 2208, 33.0660000000000025),
    (2208, 1775, 33.0660000000000025),
    (2208, 2297, 8.33200000000000074),
    (2297, 2208, 8.33200000000000074),
    (2297, 1684, 9.02999999999999936),
    (1684, 2297, 9.02999999999999936),
    (1684, 299, 2.67700000000000005),
    (299, 1684, 2.67700000000000005),
    (299, 1467, 31.7240000000000002),
    (1467, 299, 31.7240000000000002),
    (1467, 556, 31.3299999999999983),
    (556, 1467, 31.3299999999999983),
    (3149, 2384, 54.2469999999999999),
    (2384, 3149, 54.2469999999999999),
    (2384, 558, 7.64100000000000001),
    (558, 2384, 7.64100000000000001),
    (558, 583, 19.8049999999999997),
    (583, 558, 19.8049999999999997),
    (1596, 2241, 87.3850000000000051),
    (2241, 1596, 87.3850000000000051),
    (2241, 1352, 31.9370000000000012),
    (1352, 2241, 31.9370000000000012),
    (1352, 2609, 45.2939999999999969),
    (2609, 1352, 45.2939999999999969),
    (2781, 3031, 3.7240000000000002),
    (3031, 2781, 3.7240000000000002),
    (2666, 1750, 76.0460000000000065),
    (1750, 2666, 76.0460000000000065),
    (3149, 2058, 19.7259999999999991),
    (2058, 3149, 19.7259999999999991),
    (2058, 62, 12.8239999999999998),
    (62, 2058, 12.8239999999999998),
    (62, 247, 60.3509999999999991),
    (247, 62, 60.3509999999999991),
    (247, 1385, 13.2520000000000007),
    (1385, 247, 13.2520000000000007),
    (2224, 402, 90.480000000000004),
    (402, 2224, 90.480000000000004),
    (402, 793, 30.8159999999999989),
    (793, 402, 30.8159999999999989),
    (793, 2230, 25.1170000000000009),
    (2230, 793, 25.1170000000000009),
    (2230, 2230, 8.2840000000000007),
    (402, 86, 70.1159999999999997),
    (86, 402, 70.1159999999999997),
    (86, 89, 6.30700000000000038),
    (89, 86, 6.30700000000000038),
    (1249, 2003, 45.9699999999999989),
    (2003, 1249, 45.9699999999999989),
    (2003, 2004, 12.0259999999999998),
    (2004, 2003, 12.0259999999999998),
    (2004, 2241, 29.370000000000001),
    (2241, 2004, 29.370000000000001),
    (2241, 2169, 29.6380000000000017),
    (2169, 2241, 29.6380000000000017),
    (1750, 1750, 2.57799999999999985),
    (1750, 1753, 31.097999999999999),
    (1753, 1750, 31.097999999999999),
    (1753, 1443, 21.4370000000000012),
    (1443, 1753, 21.4370000000000012),
    (1750, 697, 8.14799999999999969),
    (697, 1750, 8.14799999999999969),
    (697, 2775, 63.6599999999999966),
    (2775, 697, 63.6599999999999966),
    (2775, 2508, 21.8889999999999993),
    (2508, 2775, 21.8889999999999993),
    (1750, 418, 36.2349999999999994),
    (418, 1750, 36.2349999999999994),
    (418, 3109, 51.5090000000000003),
    (3109, 418, 51.5090000000000003),
    (89, 85, 3.28200000000000003),
    (85, 89, 3.28200000000000003),
    (85, 2688, 33.6739999999999995),
    (2688, 85, 33.6739999999999995),
    (2688, 3053, 15.7219999999999995),
    (3053, 2688, 15.7219999999999995),
    (89, 87, 4.71900000000000031),
    (87, 89, 4.71900000000000031),
    (87, 1743, 52.6769999999999996),
    (1743, 87, 52.6769999999999996),
    (1743, 567, 46.4739999999999966),
    (567, 1743, 46.4739999999999966),
    (567, 1095, 96.4369999999999976),
    (1095, 567, 96.4369999999999976),
    (1095, 44, 26.4869999999999983),
    (44, 1095, 26.4869999999999983),
    (44, 704, 14.6590000000000007),
    (704, 44, 14.6590000000000007),
    (1698, 2460, 42.902000000000001),
    (2460, 1698, 42.902000000000001),
    (2308, 2460, 99.0409999999999968),
    (2460, 2308, 99.0409999999999968),
    (567, 1698, 28.4860000000000007),
    (1698, 567, 28.4860000000000007),
    (1698, 689, 38.328000000000003),
    (689, 1698, 38.328000000000003),
    (2713, 2746, 1.26200000000000001),
    (2746, 2713, 1.26200000000000001),
    (2746, 2732, 1.21900000000000008),
    (2732, 2746, 1.21900000000000008),
    (402, 199, 5.66000000000000014),
    (199, 402, 5.66000000000000014),
    (1479, 2078, 3.17300000000000004),
    (2078, 1479, 3.17300000000000004),
    (3075, 3130, 17.2609999999999992),
    (3130, 3075, 17.2609999999999992),
    (2460, 2614, 25.6900000000000013),
    (2614, 2460, 25.6900000000000013),
    (2614, 2614, 3.43199999999999994),
    (1329, 793, 25.7029999999999994),
    (793, 1329, 25.7029999999999994),
    (793, 1622, 3.82200000000000006),
    (1622, 793, 3.82200000000000006),
    (2599, 2326, 8.03800000000000026),
    (2326, 2599, 8.03800000000000026),
    (2306, 2224, 29.7590000000000003),
    (2224, 2306, 29.7590000000000003),
    (1251, 1251, 3.94399999999999995),
    (2308, 622, 6.09600000000000009),
    (622, 2308, 6.09600000000000009),
    (704, 2230, 8.29400000000000048),
    (2230, 704, 8.29400000000000048),
    (2230, 2967, 11.8379999999999992),
    (2967, 2230, 11.8379999999999992),
    (1055, 2594, 4.03300000000000036),
    (2594, 1055, 4.03300000000000036),
    (2594, 2594, 2.37699999999999978),
    (1026, 1024, 1.72599999999999998),
    (1024, 1026, 1.72599999999999998),
    (1024, 2503, 8.45800000000000018),
    (2503, 1024, 8.45800000000000018),
    (2503, 383, 43.1730000000000018),
    (383, 2503, 43.1730000000000018),
    (383, 1080, 17.593),
    (1080, 383, 17.593),
    (1080, 1232, 38.7730000000000032),
    (1232, 1080, 38.7730000000000032),
    (1232, 431, 6.39299999999999979),
    (431, 1232, 6.39299999999999979),
    (431, 803, 18.0219999999999985),
    (803, 431, 18.0219999999999985),
    (803, 1363, 3.94899999999999984),
    (1363, 803, 3.94899999999999984),
    (1363, 885, 11.2249999999999996),
    (885, 1363, 11.2249999999999996),
    (885, 1390, 2.39100000000000001),
    (1390, 885, 2.39100000000000001),
    (2639, 227, 52.7890000000000015),
    (227, 2639, 52.7890000000000015),
    (227, 539, 12.4030000000000005),
    (539, 227, 12.4030000000000005),
    (539, 538, 3.2799999999999998),
    (538, 539, 3.2799999999999998),
    (538, 2321, 13.5109999999999992),
    (2321, 538, 13.5109999999999992),
    (2321, 2316, 2.36399999999999988),
    (2316, 2321, 2.36399999999999988),
    (474, 474, 2.03100000000000014),
    (474, 3012, 29.2270000000000003),
    (3012, 474, 29.2270000000000003),
    (1129, 2373, 33.0959999999999965),
    (2373, 1129, 33.0959999999999965),
    (2373, 1080, 10.9580000000000002),
    (1080, 2373, 10.9580000000000002),
    (3056, 2333, 67.4980000000000047),
    (2333, 3056, 67.4980000000000047),
    (1388, 1388, 2.47900000000000009),
    (1388, 2334, 104.387),
    (2334, 1388, 104.387),
    (2334, 2335, 4.58999999999999986),
    (2335, 2334, 4.58999999999999986),
    (2335, 1960, 68.5349999999999966),
    (1960, 2335, 68.5349999999999966),
    (2079, 3010, 54.3320000000000007),
    (3010, 2079, 54.3320000000000007),
    (3010, 3056, 22.3790000000000013),
    (3056, 3010, 22.3790000000000013),
    (3056, 807, 59.4299999999999997),
    (807, 3056, 59.4299999999999997),
    (807, 807, 2.2410000000000001),
    (2938, 2173, 51.884999999999998),
    (2173, 2938, 51.884999999999998),
    (2173, 299, 36.4209999999999994),
    (299, 2173, 36.4209999999999994),
    (1684, 1628, 15.6050000000000004),
    (1628, 1684, 15.6050000000000004),
    (1628, 755, 39.4339999999999975),
    (755, 1628, 39.4339999999999975),
    (755, 2182, 12.3350000000000009),
    (2182, 755, 12.3350000000000009),
    (3010, 2995, 8.51399999999999935),
    (2995, 3010, 8.51399999999999935),
    (2246, 198, 5.94299999999999962),
    (198, 2246, 5.94299999999999962),
    (198, 2938, 14.8350000000000009),
    (2938, 198, 14.8350000000000009),
    (2938, 234, 24.907),
    (234, 2938, 24.907),
    (2297, 578, 5.32399999999999984),
    (578, 2297, 5.32399999999999984),
    (578, 744, 3.08599999999999985),
    (744, 578, 3.08599999999999985),
    (744, 2334, 15.9529999999999994),
    (2334, 744, 15.9529999999999994),
    (2174, 1933, 17.4890000000000008),
    (1933, 2174, 17.4890000000000008),
    (266, 2220, 2.43500000000000005),
    (2220, 266, 2.43500000000000005),
    (2220, 849, 9.52899999999999991),
    (849, 2220, 9.52899999999999991),
    (849, 3097, 14.5299999999999994),
    (3097, 849, 14.5299999999999994),
    (2208, 578, 6.52899999999999991),
    (578, 2208, 6.52899999999999991),
    (1782, 2855, 4.97200000000000042),
    (2855, 1782, 4.97200000000000042),
    (289, 2932, 45.4739999999999966),
    (2932, 289, 45.4739999999999966),
    (266, 1993, 24.6350000000000016),
    (1993, 266, 24.6350000000000016),
    (3030, 358, 16.5199999999999996),
    (358, 3030, 16.5199999999999996),
    (1152, 1168, 4.09100000000000019),
    (1168, 1152, 4.09100000000000019),
    (1168, 1150, 4.30900000000000016),
    (1150, 1168, 4.30900000000000016),
    (1150, 579, 1.63700000000000001),
    (579, 1150, 1.63700000000000001),
    (579, 2131, 6.32899999999999974),
    (2131, 579, 6.32899999999999974),
    (2131, 1887, 2.03799999999999981),
    (1887, 2131, 2.03799999999999981),
    (1887, 2587, 59.0279999999999987),
    (2587, 1887, 59.0279999999999987),
    (2587, 2587, 1.90799999999999992),
    (2587, 556, 31.3140000000000001),
    (556, 2587, 31.3140000000000001),
    (556, 2182, 46.9249999999999972),
    (2182, 556, 46.9249999999999972),
    (1158, 1148, 11.2390000000000008),
    (1148, 1158, 11.2390000000000008),
    (1148, 522, 2.40799999999999992),
    (522, 1148, 2.40799999999999992),
    (522, 1164, 8.47100000000000009),
    (1164, 522, 8.47100000000000009),
    (1164, 1153, 3.59399999999999986),
    (1153, 1164, 3.59399999999999986),
    (1153, 1887, 6.16500000000000004),
    (1887, 1153, 6.16500000000000004),
    (1887, 1887, 2.46799999999999997),
    (2587, 2422, 56.1099999999999994),
    (2422, 2587, 56.1099999999999994),
    (2422, 1665, 30.7800000000000011),
    (1665, 2422, 30.7800000000000011),
    (1665, 1563, 50.6480000000000032),
    (1563, 1665, 50.6480000000000032),
    (1563, 1313, 7.53599999999999959),
    (1313, 1563, 7.53599999999999959),
    (2260, 976, 22.9379999999999988),
    (976, 2260, 22.9379999999999988),
    (976, 2435, 24.9289999999999985),
    (2435, 976, 24.9289999999999985),
    (2435, 3212, 34.8410000000000011),
    (3212, 2435, 34.8410000000000011),
    (2435, 278, 35.8170000000000002),
    (278, 2435, 35.8170000000000002),
    (278, 2983, 43.7849999999999966),
    (2983, 278, 43.7849999999999966),
    (1158, 1165, 7.98099999999999987),
    (1165, 1158, 7.98099999999999987),
    (1165, 579, 11.5510000000000002),
    (579, 1165, 11.5510000000000002),
    (1559, 807, 82.4689999999999941),
    (807, 1559, 82.4689999999999941),
    (1957, 1953, 1.76400000000000001),
    (1953, 1957, 1.76400000000000001),
    (1953, 1955, 2.93500000000000005),
    (1955, 1953, 2.93500000000000005),
    (1955, 1425, 7.68100000000000005),
    (1425, 1955, 7.68100000000000005),
    (2628, 152, 3.97900000000000009),
    (152, 2628, 3.97900000000000009),
    (152, 2686, 32.6529999999999987),
    (2686, 152, 32.6529999999999987),
    (278, 2022, 1.3640000000000001),
    (2022, 278, 1.3640000000000001),
    (1563, 1202, 11.4399999999999995),
    (1202, 1563, 11.4399999999999995),
    (2182, 2184, 1.06800000000000006),
    (2184, 2182, 1.06800000000000006),
    (2184, 883, 64.8319999999999936),
    (883, 2184, 64.8319999999999936),
    (883, 883, 3.35099999999999998),
    (1669, 2974, 1.33099999999999996),
    (2974, 1669, 1.33099999999999996),
    (2974, 3150, 47.8900000000000006),
    (3150, 2974, 47.8900000000000006),
    (3150, 3150, 1.56800000000000006),
    (2422, 660, 19.6469999999999985),
    (660, 2422, 19.6469999999999985),
    (660, 883, 25.588000000000001),
    (883, 660, 25.588000000000001),
    (883, 1669, 67.436000000000007),
    (1669, 883, 67.436000000000007),
    (1669, 1194, 44.4909999999999997),
    (1194, 1669, 44.4909999999999997),
    (1194, 1194, 3.32699999999999996),
    (1150, 2780, 5.45600000000000041),
    (2780, 1150, 5.45600000000000041),
    (660, 661, 4.23800000000000043),
    (661, 660, 4.23800000000000043),
    (2628, 2628, 6.72799999999999976),
    (2587, 2502, 48.3560000000000016),
    (2502, 2587, 48.3560000000000016),
    (704, 2767, 2.97199999999999998),
    (2767, 704, 2.97199999999999998),
    (2767, 992, 19.5),
    (992, 2767, 19.5),
    (976, 2686, 17.6709999999999994),
    (2686, 976, 17.6709999999999994),
    (2686, 96, 41.5240000000000009),
    (96, 2686, 41.5240000000000009),
    (1152, 1158, 5.98800000000000043),
    (1158, 1152, 5.98800000000000043),
    (1158, 1156, 4.83900000000000041),
    (1156, 1158, 4.83900000000000041),
    (3206, 1444, 3.55399999999999983),
    (1444, 3206, 3.55399999999999983),
    (811, 1227, 3.14299999999999979),
    (1227, 811, 3.14299999999999979),
    (1452, 282, 2.97999999999999998),
    (282, 1452, 2.97999999999999998),
    (329, 2001, 6.53699999999999992),
    (2001, 329, 6.53699999999999992),
    (2054, 1591, 3.7200000000000002),
    (1591, 2054, 3.7200000000000002),
    (316, 318, 6.68900000000000006),
    (318, 316, 6.68900000000000006),
    (318, 252, 7.84600000000000009),
    (252, 318, 7.84600000000000009),
    (252, 1591, 10.0869999999999997),
    (1591, 252, 10.0869999999999997),
    (1591, 2579, 3.73899999999999988),
    (2579, 1591, 3.73899999999999988),
    (965, 966, 19.1329999999999991),
    (966, 965, 19.1329999999999991),
    (966, 315, 57.0730000000000004),
    (315, 966, 57.0730000000000004),
    (315, 3026, 44.6310000000000002),
    (3026, 315, 44.6310000000000002),
    (3026, 444, 4.84999999999999964),
    (444, 3026, 4.84999999999999964),
    (444, 1903, 66.8029999999999973),
    (1903, 444, 66.8029999999999973),
    (1903, 820, 76.5919999999999987),
    (820, 1903, 76.5919999999999987),
    (820, 1491, 3.99199999999999999),
    (1491, 820, 3.99199999999999999),
    (1491, 821, 3.89599999999999991),
    (821, 1491, 3.89599999999999991),
    (821, 844, 6.71499999999999986),
    (844, 821, 6.71499999999999986),
    (844, 1641, 14.4309999999999992),
    (1641, 844, 14.4309999999999992),
    (1641, 240, 24.2280000000000015),
    (240, 1641, 24.2280000000000015),
    (240, 1419, 9.53800000000000026),
    (1419, 240, 9.53800000000000026),
    (1303, 786, 71.5250000000000057),
    (786, 1303, 71.5250000000000057),
    (786, 2590, 4.83499999999999996),
    (2590, 786, 4.83499999999999996),
    (255, 251, 3.14000000000000012),
    (251, 255, 3.14000000000000012),
    (251, 2963, 2.45599999999999996),
    (2963, 251, 2.45599999999999996),
    (2963, 2963, 5.62800000000000011),
    (2963, 1998, 12.4440000000000008),
    (1998, 2963, 12.4440000000000008),
    (1998, 1781, 4.22299999999999986),
    (1781, 1998, 4.22299999999999986),
    (1781, 2415, 22.1280000000000001),
    (2415, 1781, 22.1280000000000001),
    (2415, 1721, 32.3909999999999982),
    (1721, 2415, 32.3909999999999982),
    (1721, 1723, 2.21300000000000008),
    (1723, 1721, 2.21300000000000008),
    (1723, 192, 37.911999999999999),
    (192, 1723, 37.911999999999999),
    (192, 3102, 31.527000000000001),
    (3102, 192, 31.527000000000001),
    (3102, 2880, 10.3719999999999999),
    (2880, 3102, 10.3719999999999999),
    (541, 541, 4.9009999999999998),
    (541, 475, 7.02299999999999969),
    (475, 541, 7.02299999999999969),
    (475, 2319, 2.92200000000000015),
    (2319, 475, 2.92200000000000015),
    (2319, 887, 1.78400000000000003),
    (887, 2319, 1.78400000000000003),
    (887, 1828, 3.54300000000000015),
    (1828, 887, 3.54300000000000015),
    (1828, 2628, 12.7669999999999995),
    (2628, 1828, 12.7669999999999995),
    (2628, 1158, 31.588000000000001),
    (1158, 2628, 31.588000000000001),
    (887, 527, 2.57799999999999985),
    (527, 887, 2.57799999999999985),
    (527, 940, 4.67999999999999972),
    (940, 527, 4.67999999999999972),
    (940, 1574, 4.67900000000000027),
    (1574, 940, 4.67900000000000027),
    (1277, 1259, 2.4740000000000002),
    (1259, 1277, 2.4740000000000002),
    (1259, 2067, 4.17600000000000016),
    (2067, 1259, 4.17600000000000016),
    (2067, 1719, 31.0670000000000002),
    (1719, 2067, 31.0670000000000002),
    (1014, 316, 6.09600000000000009),
    (316, 1014, 6.09600000000000009),
    (316, 636, 20.9340000000000011),
    (636, 316, 20.9340000000000011),
    (636, 2519, 1.42999999999999994),
    (2519, 636, 1.42999999999999994),
    (2519, 635, 4.45500000000000007),
    (635, 2519, 4.45500000000000007),
    (635, 2133, 16.0710000000000015),
    (2133, 635, 16.0710000000000015),
    (2133, 1642, 12.5670000000000002),
    (1642, 2133, 12.5670000000000002),
    (1642, 1277, 2.53900000000000015),
    (1277, 1642, 2.53900000000000015),
    (1277, 1276, 5.98800000000000043),
    (1276, 1277, 5.98800000000000043),
    (1276, 1944, 41.5459999999999994),
    (1944, 1276, 41.5459999999999994),
    (1944, 1673, 27.3790000000000013),
    (1673, 1944, 27.3790000000000013),
    (1673, 978, 38.1439999999999984),
    (978, 1673, 38.1439999999999984),
    (978, 3082, 49.5769999999999982),
    (3082, 978, 49.5769999999999982),
    (3082, 889, 9.96899999999999942),
    (889, 3082, 9.96899999999999942),
    (889, 2411, 10.4619999999999997),
    (2411, 889, 10.4619999999999997),
    (2411, 885, 15.1059999999999999),
    (885, 2411, 15.1059999999999999),
    (1772, 1655, 3.71700000000000008),
    (1655, 1772, 3.71700000000000008),
    (3212, 3055, 36.875),
    (3055, 3212, 36.875),
    (3055, 3055, 0.430999999999999994),
    (1009, 1726, 21.0289999999999999),
    (1726, 1009, 21.0289999999999999),
    (1726, 414, 4.40500000000000025),
    (414, 1726, 4.40500000000000025),
    (414, 414, 1.78099999999999992),
    (414, 1320, 3.71600000000000019),
    (1320, 414, 3.71600000000000019),
    (1320, 2155, 8.51099999999999923),
    (2155, 1320, 8.51099999999999923),
    (2155, 2154, 1.96500000000000008),
    (2154, 2155, 1.96500000000000008),
    (2154, 2451, 15.6980000000000004),
    (2451, 2154, 15.6980000000000004),
    (2451, 1674, 7.61899999999999977),
    (1674, 2451, 7.61899999999999977),
    (1674, 1675, 2.47900000000000009),
    (1675, 1674, 2.47900000000000009),
    (1009, 1787, 2.56899999999999995),
    (1787, 1009, 2.56899999999999995),
    (1787, 2048, 3.0259999999999998),
    (2048, 1787, 3.0259999999999998),
    (2048, 2116, 1.99500000000000011),
    (2116, 2048, 1.99500000000000011),
    (2116, 2121, 6.37600000000000033),
    (2121, 2116, 6.37600000000000033),
    (2121, 2962, 3.28500000000000014),
    (2962, 2121, 3.28500000000000014),
    (2962, 2962, 1.27899999999999991),
    (2962, 636, 3.29000000000000004),
    (636, 2962, 3.29000000000000004),
    (636, 636, 4.6769999999999996),
    (1009, 1014, 1.08400000000000007),
    (1014, 1009, 1.08400000000000007),
    (1014, 1014, 3.39599999999999991),
    (1014, 1583, 3.90300000000000002),
    (1583, 1014, 3.90300000000000002),
    (965, 1390, 18.4989999999999988),
    (1390, 965, 18.4989999999999988),
    (1390, 1045, 50.8639999999999972),
    (1045, 1390, 50.8639999999999972),
    (1045, 1703, 63.5679999999999978),
    (1703, 1045, 63.5679999999999978),
    (1703, 3145, 3.32699999999999996),
    (3145, 1703, 3.32699999999999996),
    (3145, 2891, 16.7250000000000014),
    (2891, 3145, 16.7250000000000014),
    (2891, 2889, 8.91300000000000026),
    (2889, 2891, 8.91300000000000026),
    (2889, 2889, 1.55499999999999994),
    (2579, 163, 20.6370000000000005),
    (163, 2579, 20.6370000000000005),
    (163, 573, 22.7280000000000015),
    (573, 163, 22.7280000000000015),
    (573, 1721, 32.3770000000000024),
    (1721, 573, 32.3770000000000024),
    (2914, 315, 49.3539999999999992),
    (315, 2914, 49.3539999999999992),
    (2963, 1413, 8.62199999999999989),
    (1413, 2963, 8.62199999999999989),
    (1413, 636, 5.48000000000000043),
    (636, 1413, 5.48000000000000043),
    (1980, 2457, 18.7280000000000015),
    (2457, 1980, 18.7280000000000015),
    (2457, 3196, 3.77700000000000014),
    (3196, 2457, 3.77700000000000014),
    (3196, 2155, 14.1069999999999993),
    (2155, 3196, 14.1069999999999993),
    (2962, 1498, 1.43500000000000005),
    (1498, 2962, 1.43500000000000005),
    (1498, 624, 4.19500000000000028),
    (624, 1498, 4.19500000000000028),
    (624, 1050, 5.96199999999999974),
    (1050, 624, 5.96199999999999974),
    (1538, 1683, 2.504),
    (1683, 1538, 2.504),
    (1683, 2964, 3.90600000000000014),
    (2964, 1683, 3.90600000000000014),
    (2964, 185, 3.33199999999999985),
    (185, 2964, 3.33199999999999985),
    (185, 340, 3.71700000000000008),
    (340, 185, 3.71700000000000008),
    (1277, 2353, 4.58399999999999963),
    (2353, 1277, 4.58399999999999963),
    (2353, 106, 2.70100000000000007),
    (106, 2353, 2.70100000000000007),
    (106, 2647, 14.5269999999999992),
    (2647, 106, 14.5269999999999992),
    (2647, 1675, 1.60000000000000009),
    (1675, 2647, 1.60000000000000009),
    (1675, 2028, 5.11800000000000033),
    (2028, 1675, 5.11800000000000033),
    (2028, 2030, 4.12600000000000033),
    (2030, 2028, 4.12600000000000033),
    (2030, 282, 20.3419999999999987),
    (282, 2030, 20.3419999999999987),
    (282, 282, 1.29600000000000004),
    (1781, 2612, 5.72200000000000042),
    (2612, 1781, 5.72200000000000042),
    (2612, 1197, 13.9100000000000001),
    (1197, 2612, 13.9100000000000001),
    (1197, 485, 11.9749999999999996),
    (485, 1197, 11.9749999999999996),
    (485, 1390, 3.79199999999999982),
    (1390, 485, 3.79199999999999982),
    (2612, 2133, 19.7399999999999984),
    (2133, 2612, 19.7399999999999984),
    (3120, 1694, 18.3580000000000005),
    (1694, 3120, 18.3580000000000005),
    (1694, 541, 6.96799999999999997),
    (541, 1694, 6.96799999999999997),
    (1232, 1906, 11.0630000000000006),
    (1906, 1232, 11.0630000000000006),
    (227, 887, 11.7270000000000003),
    (887, 227, 11.7270000000000003),
    (1806, 557, 3.24900000000000011),
    (557, 1806, 3.24900000000000011),
    (557, 340, 8.88899999999999935),
    (340, 557, 8.88899999999999935),
    (340, 103, 1.53299999999999992),
    (103, 340, 1.53299999999999992),
    (2154, 2038, 3.31099999999999994),
    (2038, 2154, 3.31099999999999994),
    (2038, 2847, 4.80799999999999983),
    (2847, 2038, 4.80799999999999983),
    (2847, 282, 17.2079999999999984),
    (282, 2847, 17.2079999999999984),
    (3196, 2428, 11.4529999999999994),
    (2428, 3196, 11.4529999999999994),
    (2428, 1806, 3.07600000000000007),
    (1806, 2428, 3.07600000000000007),
    (1014, 318, 12.9749999999999996),
    (318, 1014, 12.9749999999999996),
    (538, 541, 2.92799999999999994),
    (541, 538, 2.92799999999999994),
    (2318, 2319, 5.01499999999999968),
    (2319, 2318, 5.01499999999999968),
    (316, 792, 2.9700000000000002),
    (792, 316, 2.9700000000000002),
    (792, 2116, 3.10099999999999998),
    (2116, 792, 3.10099999999999998),
    (251, 252, 1.42799999999999994),
    (252, 251, 1.42799999999999994),
    (636, 635, 5.28599999999999959),
    (635, 636, 5.28599999999999959),
    (541, 1123, 2.8839999999999999),
    (1123, 541, 2.8839999999999999),
    (1123, 475, 9.43299999999999983),
    (475, 1123, 9.43299999999999983),
    (475, 2315, 8.32499999999999929),
    (2315, 475, 8.32499999999999929),
    (2315, 2382, 5.54800000000000004),
    (2382, 2315, 5.54800000000000004),
    (2382, 1014, 5.18299999999999983),
    (1014, 2382, 5.18299999999999983),
    (1014, 1787, 6.4139999999999997),
    (1787, 1014, 6.4139999999999997),
    (624, 337, 4.40000000000000036),
    (337, 624, 4.40000000000000036),
    (2415, 2528, 44.7730000000000032),
    (2528, 2415, 44.7730000000000032),
    (2528, 1045, 14.6370000000000005),
    (1045, 2528, 14.6370000000000005),
    (2028, 2468, 14.6219999999999999),
    (2468, 2028, 14.6219999999999999),
    (2468, 1714, 6.12300000000000022),
    (1714, 2468, 6.12300000000000022),
    (2030, 1836, 12.6349999999999998),
    (1836, 2030, 12.6349999999999998),
    (1836, 23, 12.0299999999999994),
    (23, 1836, 12.0299999999999994),
    (23, 759, 13.9610000000000003),
    (759, 23, 13.9610000000000003),
    (2662, 1409, 19.6280000000000001),
    (1409, 2662, 19.6280000000000001),
    (1409, 1573, 5.9480000000000004),
    (1573, 1409, 5.9480000000000004),
    (475, 2317, 8.35500000000000043),
    (2317, 475, 8.35500000000000043),
    (2317, 1571, 7.20600000000000041),
    (1571, 2317, 7.20600000000000041),
    (802, 1287, 102.924999999999997),
    (1287, 802, 102.924999999999997),
    (1287, 777, 16.9939999999999998),
    (777, 1287, 16.9939999999999998),
    (2579, 1471, 20.1709999999999994),
    (1471, 2579, 20.1709999999999994),
    (1471, 2243, 10.6010000000000009),
    (2243, 1471, 10.6010000000000009),
    (2243, 3016, 15.3010000000000002),
    (3016, 2243, 15.3010000000000002),
    (540, 271, 9.9009999999999998),
    (271, 540, 9.9009999999999998),
    (2121, 2121, 4.77099999999999991),
    (2115, 2121, 2.11299999999999999),
    (2121, 2115, 2.11299999999999999),
    (2121, 2963, 5.1120000000000001),
    (2963, 2121, 5.1120000000000001),
    (96, 2267, 22.4939999999999998),
    (2267, 96, 22.4939999999999998),
    (2267, 653, 6.7629999999999999),
    (653, 2267, 6.7629999999999999),
    (653, 358, 9.84200000000000053),
    (358, 653, 9.84200000000000053),
    (358, 358, 1.55899999999999994),
    (653, 2824, 20.597999999999999),
    (2824, 653, 20.597999999999999),
    (2468, 1982, 7.84600000000000009),
    (1982, 2468, 7.84600000000000009),
    (1836, 1029, 8.62899999999999956),
    (1029, 1836, 8.62899999999999956),
    (1900, 23, 23.0410000000000004),
    (23, 1900, 23.0410000000000004),
    (1641, 243, 22.7409999999999997),
    (243, 1641, 22.7409999999999997),
    (243, 1419, 13.1300000000000008),
    (1419, 243, 13.1300000000000008),
    (1419, 2803, 36.8729999999999976),
    (2803, 1419, 36.8729999999999976),
    (2803, 265, 45.3500000000000014),
    (265, 2803, 45.3500000000000014),
    (265, 1135, 20.6230000000000011),
    (1135, 265, 20.6230000000000011),
    (1135, 2312, 25.4770000000000003),
    (2312, 1135, 25.4770000000000003),
    (2312, 602, 25.7300000000000004),
    (602, 2312, 25.7300000000000004),
    (602, 610, 16.1729999999999983),
    (610, 602, 16.1729999999999983),
    (610, 618, 6.06099999999999994),
    (618, 610, 6.06099999999999994),
    (596, 610, 21.3730000000000011),
    (610, 596, 21.3730000000000011),
    (610, 2134, 11.4100000000000001),
    (2134, 610, 11.4100000000000001),
    (2134, 2075, 3.1339999999999999),
    (2075, 2134, 3.1339999999999999),
    (2075, 2765, 8.45899999999999963),
    (2765, 2075, 8.45899999999999963),
    (2765, 1407, 35.75),
    (1407, 2765, 35.75),
    (1407, 1108, 118.555999999999997),
    (1108, 1407, 118.555999999999997),
    (1108, 77, 24.3329999999999984),
    (77, 1108, 24.3329999999999984),
    (77, 2136, 66.0840000000000032),
    (2136, 77, 66.0840000000000032),
    (2136, 2674, 37.5330000000000013),
    (2674, 2136, 37.5330000000000013),
    (2590, 1426, 2.56199999999999983),
    (1426, 2590, 2.56199999999999983),
    (2590, 411, 63.3629999999999995),
    (411, 2590, 63.3629999999999995),
    (411, 310, 29.2439999999999998),
    (310, 411, 29.2439999999999998),
    (310, 1856, 83.3149999999999977),
    (1856, 310, 83.3149999999999977),
    (1856, 1221, 58.3969999999999985),
    (1221, 1856, 58.3969999999999985),
    (1221, 675, 57.3109999999999999),
    (675, 1221, 57.3109999999999999),
    (675, 1106, 45.1120000000000019),
    (1106, 675, 45.1120000000000019),
    (1106, 1106, 2.09100000000000019),
    (1423, 562, 28.7839999999999989),
    (562, 1423, 28.7839999999999989),
    (562, 134, 12.4819999999999993),
    (134, 562, 12.4819999999999993),
    (134, 1244, 24.1359999999999992),
    (1244, 134, 24.1359999999999992),
    (1244, 177, 18.1409999999999982),
    (177, 1244, 18.1409999999999982),
    (177, 177, 6.95800000000000018),
    (2776, 6, 11.282),
    (6, 2776, 11.282),
    (820, 506, 3.05500000000000016),
    (506, 820, 3.05500000000000016),
    (506, 2692, 16.3350000000000009),
    (2692, 506, 16.3350000000000009),
    (2692, 3194, 18.3900000000000006),
    (3194, 2692, 18.3900000000000006),
    (2609, 1091, 33.9390000000000001),
    (1091, 2609, 33.9390000000000001),
    (1091, 725, 22.9149999999999991),
    (725, 1091, 22.9149999999999991),
    (725, 587, 21.4759999999999991),
    (587, 725, 21.4759999999999991),
    (587, 1254, 17.6720000000000006),
    (1254, 587, 17.6720000000000006),
    (508, 180, 55.4699999999999989),
    (180, 508, 55.4699999999999989),
    (180, 835, 22.1290000000000013),
